18500000
19500000
20500000
21500000
22500000
23500000
24500000
25500000
26500000
27500000
28500000
29500000
30500000
31500000
32500000
33500000
34500000
35500000
36500000
37500000
38500000
39500000
40500000
41500000
42500000
43500000
44500000
45500000
46500000
47500000
48500000
49500000
50500000
51500000
52500000
53500000
54500000
55500000
56500000
57500000
58500000
59500000
60500000
61500000
62500000
63500000
64500000
65500000
66500000
67500000
68500000
69500000
70500000
71500000
72500000
73500000
74500000
75500000
76500000
77500000
78500000
79500000
80500000
81500000
82500000
83500000
84500000
85500000
86500000
87500000
88500000
89500000
90500000
91500000
92500000
93500000
94500000
95500000
96500000
97500000
98500000
99500000
100500000
101500000
102500000
103500000
104500000
105500000
106500000
